SAT

Valuation:
- X_0_1: 1 / 1
- X_0_2: 0.714286 / 0.714286
- X_0_3: 0.142857 / 0.142857
- relu1: 0.142857 / 0.142857
- maxi: 0.142857 / 0.142857
- lina: 0.3 / 0.3
Literals: -4 2 3
Total error: 8.32667e-17

SAT
